500
3  19
46  9
35  37
19  34
43  30
34  45
29  31
46  19
47  40
45  36
38  6
38  47
32  0
11  4
43  12
34  8
46  0
1  15
7  8
21  7
22  18
22  28
24  22
20  21
0  14
34  28
43  0
4  49
16  44
6  11
16  43
40  23
24  20
16  42
45  14
25  14
25  0
28  31
15  3
26  22
26  41
2  18
23  35
12  20
8  18
38  6
29  27
21  10
31  28
6  19
40  2
33  35
24  12
23  2
36  24
45  31
39  9
3  26
7  27
15  36
21  28
47  39
13  1
45  34
45  1
13  30
35  10
18  30
8  49
6  0
10  48
23  8
16  16
16  30
19  2
28  35
42  40
8  33
6  7
32  49
48  5
9  37
33  46
11  3
12  1
44  18
8  31
13  45
32  14
29  8
24  22
33  32
33  6
36  14
18  39
38  15
35  19
18  19
29  31
40  23
35  49
29  30
5  39
46  16
8  48
27  29
35  6
9  39
33  28
39  22
47  47
46  31
42  18
32  30
37  27
0  44
48  33
34  8
20  2
0  33
15  39
6  26
36  30
31  6
1  25
3  19
13  9
26  7
36  23
5  18
46  44
15  13
41  24
8  23
37  48
37  19
11  0
44  7
46  24
11  22
39  19
18  18
8  22
48  40
26  49
4  3
25  36
31  12
42  13
2  49
30  32
9  38
5  33
27  48
29  7
22  19
2  24
23  17
49  32
17  15
20  0
25  11
8  47
2  32
6  17
46  42
4  3
10  5
24  37
49  34
45  38
19  9
7  4
29  12
0  9
17  31
7  31
13  43
18  26
10  10
7  27
33  4
43  0
10  16
12  8
21  29
10  43
37  10
7  46
36  42
15  10
14  2
8  11
9  29
24  41
31  13
41  3
36  3
34  1
44  13
6  41
37  39
34  36
43  2
35  32
15  33
15  3
28  0
10  18
45  13
49  26
18  46
49  47
19  4
33  43
48  20
17  46
9  6
13  19
41  38
1  46
13  25
14  36
11  29
1  31
10  48
0  28
8  27
0  9
11  11
16  32
39  35
38  24
10  5
31  33
12  12
0  25
11  34
33  19
44  45
38  47
31  40
47  11
9  8
30  48
11  38
18  12
24  47
42  16
39  44
28  27
5  12
1  21
43  2
34  18
39  1
42  37
2  25
21  39
2  27
4  13
28  8
7  34
1  42
8  41
29  5
39  35
25  5
22  46
44  38
13  18
10  43
49  0
46  43
37  8
46  7
33  24
13  1
17  48
47  16
14  35
43  13
22  25
20  48
34  6
31  40
11  35
6  39
33  0
20  36
7  42
46  33
6  27
26  45
18  6
41  33
20  6
4  46
24  0
37  31
34  11
27  16
37  15
49  42
30  26
47  43
32  14
0  19
37  1
30  24
34  31
29  21
43  42
18  36
0  14
33  42
3  0
33  29
2  8
1  38
21  15
8  22
45  8
29  21
19  44
6  41
11  33
20  13
17  1
37  1
36  5
10  27
10  7
11  35
7  47
14  47
5  41
29  33
31  14
4  24
41  0
8  14
26  6
31  10
36  45
37  23
43  39
47  9
3  24
25  20
10  2
32  39
48  7
15  19
49  23
44  18
27  17
45  7
46  32
49  43
2  49
23  4
18  11
9  47
27  46
16  46
44  33
20  12
21  8
11  24
11  37
34  35
26  3
30  49
15  41
7  24
23  6
29  15
7  13
9  35
49  40
18  21
2  5
26  31
37  49
43  48
42  0
32  33
17  9
26  41
32  39
23  26
6  17
44  32
37  21
42  49
43  37
42  19
26  38
2  32
7  37
30  37
33  24
15  6
31  13
16  7
14  47
48  47
23  32
37  17
8  28
15  8
42  14
28  25
23  32
23  35
3  23
34  13
20  0
22  1
35  21
38  20
4  3
29  38
18  44
12  7
2  4
16  44
5  4
4  34
38  43
0  27
44  11
47  39
16  46
15  2
25  28
17  19
2  33
31  29
16  11
6  40
41  13
3  1
38  21
9  9
28  41
20  44
31  37
23  29
16  42
41  19
24  44
28  30
45  12
31  29
41  40
16  18
31  45
15  26
34  36
32  18
16  1
18  32
47  42
33  33
7  10
31  49
17  37
7  45
32  24
13  37
11  13
29  46
44  6
36  27
23  24
2  16
42  49
13  9
37  34
28  20
36  18
41  40
25  27
33  14
6  49
29  6
24  7
18  24
26  24
16  9
37  18
10  46
45  11
1  39
21  37
17  44
7  31
0  22
